4.150411111100000028e+01 -7.410483333300000197e+01 0.000000000000000000e+00
4.139046933114927640e+01 -9.977279672413935430e+01 1.000000000000000000e+03
4.024798475199615666e+01 -8.604434771273761839e+01 1.000000000000000000e+03
4.461316666700000155e+01 -8.873088888899999915e+01 1.000000000000000000e+03
4.090283133837590412e+01 -1.013636212028202834e+02 1.000000000000000000e+03
3.930903215521165350e+01 -1.048763007623835364e+02 1.000000000000000000e+03
4.268092450000010274e+01 -9.197439538899989486e+01 1.000000000000000000e+03
4.090283133837590412e+01 -1.013636212028202834e+02 1.000000000000000000e+03
3.930903215521165350e+01 -1.048763007623835364e+02 1.000000000000000000e+03
4.060652777800000024e+01 -9.586666666699990458e+01 1.000000000000000000e+03
4.090283133837590412e+01 -1.013636212028202834e+02 1.000000000000000000e+03
3.930903215521165350e+01 -1.048763007623835364e+02 1.000000000000000000e+03
4.030127777799999933e+01 -9.675411111100000028e+01 1.000000000000000000e+03
4.090283133837590412e+01 -1.013636212028202834e+02 1.000000000000000000e+03
3.930903215521165350e+01 -1.048763007623835364e+02 1.000000000000000000e+03
3.451855555600000258e+01 -1.093787499999999966e+02 1.000000000000000000e+03
4.090283133837590412e+01 -1.013636212028202834e+02 1.000000000000000000e+03
3.930903215521165350e+01 -1.048763007623835364e+02 1.000000000000000000e+03
3.426547166699999991e+01 -1.100056624999999997e+02 1.000000000000000000e+03
4.090283133837590412e+01 -1.013636212028202834e+02 1.000000000000000000e+03
3.930903215521165350e+01 -1.048763007623835364e+02 1.000000000000000000e+03
3.362667055600010002e+01 -1.161596544439999974e+02 1.000000000000000000e+03
4.090283133837590412e+01 -1.013636212028202834e+02 1.000000000000000000e+03
3.930903215521165350e+01 -1.048763007623835364e+02 1.000000000000000000e+03
3.397477930600010154e+01 -1.176364828330000023e+02 1.000000000000000000e+03
4.090283133837590412e+01 -1.013636212028202834e+02 1.000000000000000000e+03
3.930903215521165350e+01 -1.048763007623835364e+02 1.000000000000000000e+03
3.392286111100000312e+01 -1.183350833330000000e+02 1.000000000000000000e+03
4.090283133837590412e+01 -1.013636212028202834e+02 1.000000000000000000e+03
3.930903215521165350e+01 -1.048763007623835364e+02 1.000000000000000000e+03
3.394249638899999866e+01 -1.184080486109999981e+02 0.000000000000000000e+00
