4.041230555599999974e+01 -8.693688888900000222e+01 0.000000000000000000e+00
4.040702507576774138e+01 -8.691690059827095638e+01 0.000000000000000000e+00
4.040577576082218059e+01 -8.691719637488563421e+01 0.000000000000000000e+00
4.041395874281614908e+01 -8.690891657053249730e+01 0.000000000000000000e+00
4.041647529543608641e+01 -8.690531135036557941e+01 0.000000000000000000e+00
4.041838278429756315e+01 -8.690331094712199445e+01 0.000000000000000000e+00
4.041481937564699933e+01 -8.690255689347368673e+01 0.000000000000000000e+00
4.041474277479668586e+01 -8.689926331999099318e+01 0.000000000000000000e+00
4.041669596737148851e+01 -8.689614995605815295e+01 0.000000000000000000e+00
4.040940056819218995e+01 -8.690355175322420678e+01 0.000000000000000000e+00
4.040083185139467048e+01 -8.689700135202761544e+01 0.000000000000000000e+00
4.039932889255128146e+01 -8.690201253949753379e+01 0.000000000000000000e+00
4.038633507855066540e+01 -8.691721316363991434e+01 0.000000000000000000e+00
4.038395825591673827e+01 -8.690405978549226518e+01 0.000000000000000000e+00
4.038947599717810988e+01 -8.688858160470077507e+01 0.000000000000000000e+00
4.039880952786619872e+01 -8.688189263937718465e+01 0.000000000000000000e+00
4.041361593151093956e+01 -8.688475717949103228e+01 0.000000000000000000e+00
4.041371648579174547e+01 -8.688121404156781580e+01 0.000000000000000000e+00
4.041607283616924207e+01 -8.688343820254155503e+01 0.000000000000000000e+00
4.041782602496777344e+01 -8.689644489574629915e+01 0.000000000000000000e+00
4.042280337747051533e+01 -8.689557738698283629e+01 0.000000000000000000e+00
4.042443845634961264e+01 -8.689949065505319936e+01 0.000000000000000000e+00
4.042514701612781636e+01 -8.690159465380536119e+01 0.000000000000000000e+00
4.043019401837324267e+01 -8.689425928903065710e+01 0.000000000000000000e+00
4.043835153230575230e+01 -8.688474268372002030e+01 0.000000000000000000e+00
4.044139403284669498e+01 -8.688607321248629489e+01 0.000000000000000000e+00
4.044462761775121606e+01 -8.688474372708979843e+01 0.000000000000000000e+00
4.044661560187629590e+01 -8.688463820153015149e+01 0.000000000000000000e+00
4.044932975662774055e+01 -8.688425152192446888e+01 0.000000000000000000e+00
4.045233025531977944e+01 -8.688292470942589318e+01 0.000000000000000000e+00
4.045783580076776786e+01 -8.687895355713996537e+01 0.000000000000000000e+00
4.045497494413218931e+01 -8.688244762290615597e+01 0.000000000000000000e+00
4.045399212972446179e+01 -8.688680582765390170e+01 0.000000000000000000e+00
4.045265788918236183e+01 -8.688999052612541618e+01 0.000000000000000000e+00
4.045861326429731974e+01 -8.688899348157941915e+01 0.000000000000000000e+00
4.045649270844659640e+01 -8.695234647017682050e+01 0.000000000000000000e+00
4.045735039395618315e+01 -8.696999203616047680e+01 0.000000000000000000e+00
4.044322124009625696e+01 -8.698613949206163909e+01 0.000000000000000000e+00
4.044323222134749329e+01 -8.695940619829792695e+01 0.000000000000000000e+00
4.044745340385143351e+01 -8.694984894260905151e+01 0.000000000000000000e+00
4.045511013233794273e+01 -8.694037199916768088e+01 0.000000000000000000e+00
4.045328902556437356e+01 -8.693645425946529315e+01 0.000000000000000000e+00
4.044671803324418136e+01 -8.693443424816706511e+01 0.000000000000000000e+00
4.044191564656050986e+01 -8.693505778601215184e+01 0.000000000000000000e+00
4.043691764489292240e+01 -8.693142480079600887e+01 0.000000000000000000e+00
4.042943684242419522e+01 -8.693297165036875640e+01 0.000000000000000000e+00
4.043203246364261361e+01 -8.694054263769344004e+01 0.000000000000000000e+00
4.042986325155158767e+01 -8.693633339689500872e+01 0.000000000000000000e+00
4.042546896521236732e+01 -8.693273928645359661e+01 0.000000000000000000e+00
4.042322611862225301e+01 -8.692994468898243099e+01 0.000000000000000000e+00
4.042020246041447251e+01 -8.693515477354780785e+01 0.000000000000000000e+00
4.041230555599999974e+01 -8.693688888900000222e+01 0.000000000000000000e+00
